6
2 1 0
5 2 2
7 -1 2
2 1 1
5 2 2
7 -1 1
214 1 1
8595 5612 56
2940 5758 1401
5384 9650 1954
8128 102 6148
8459 9225 1001
7542 3035 7120
1207 3922 1634
6866 2803 1491
4107 8548 5897
3719 9132 6580
5236 121 3929
6161 3594 2414
3364 765 2470
1672 8637 7875
821 8176 1356
9935 9948 8480
3745 7912 7431
6749 6100 8553
9623 8424 3791
3192 4716 1170
157 6843 5156
5781 3947 3883
5625 7421 7420
5286 5191 5880
6543 8639 8382
7247 5201 5493
4317 3859 3441
7136 6561 54
4417 6902 3424
3351 8630 3162
3023 1969 3334
8785 4972 9611
1893 4846 3503
7898 12 5825
4483 6329 3189
9642 9734 9280
8951 4283 4883
8644 6703 1653
7185 686 3030
6295 9 1541
6808 8598 8562
4893 8825 7932
9801 8886 9038
7541 8409 864
6267 4579 2818
9280 8186 4554
8124 6195 9627
7183 8219 7026
7702 2894 1049
1505 8791 1748
270 6927 6097
7234 9847 8077
9211 4292 3979
5152 9483 2183
2254 3346 1740
6992 8848 374
4051 6443 1501
6239 969 3273
3323 9017 202
9516 4474 2815
4459 8066 7544
2957 874 1945
441 7811 6159
3548 8043 7569
4086 902 345
5640 4951 6982
9602 9430 629
8687 2596 7051
1515 6586 1807
5400 8260 4339
8194 9350 5253
7422 4815 1411
7538 1369 4412
8033 234 4274
6439 1408 3114
9515 9829 2216
4121 8723 9427
9855 7111 9154
4724 5559 6834
1856 6453 1405
9122 7174 9247
8002 9892 2994
8972 593 2595
3781 5502 4221
7614 3532 6328
1014 1277 1558
8591 4407 3534
6575 9039 8982
7292 1048 5967
8311 606 2407
9380 5586 3433
3766 8790 8847
8344 4901 6444
9785 5867 3591
4601 6543 5725
7572 9951 712
9594 5655 4001
940 3847 1760
2727 5240 3222
9681 375 6067
6917 7100 4186
3944 4808 4349
9215 5047 1752
5745 7930 3022
5982 7772 4562
6057 8481 7690
5636 8265 9049
7986 310 4600
6560 6195 4396
3885 4637 4155
5701 903 1384
4415 6970 4332
7486 8159 3959
3503 4602 5054
2093 7205 6106
3856 4768 3764
8676 47 4630
7241 85 862
6603 2539 2879
8820 8847 808
6011 5310 4863
4736 5141 128
448 5518 96
2298 9077 6700
8960 187 8659
5017 9593 9336
2622 4517 730
3733 2398 640
7376 3573 2558
6094 5860 4348
144 9002 7853
1128 1479 128
9753 3148 8767
8814 4006 836
3310 7899 4362
8147 433 6886
7611 5538 7636
5881 8580 3043
4740 1975 3905
912 8776 5316
396 3483 315
1057 4596 1067
8622 5203 2186
2723 7824 334
7904 8707 5914
1889 8817 2740
5761 5244 6425
2866 2753 933
5927 2926 5475
807 4659 3244
8072 5678 3331
6656 8427 2159
5514 8901 8232
3338 6968 2389
3651 9821 3283
5596 5461 7108
9449 9948 6358
4769 9849 7052
4847 8334 3075
6234 7269 3874
5194 8113 3413
8100 2013 7756
3528 9880 5506
4188 8487 1613
6810 5273 1083
5636 7044 7831
2047 6393 5844
5580 8145 1383
8811 8074 3092
3285 3250 112
8857 7379 5817
5757 1819 2237
2286 6929 7207
3822 4549 2268
3514 4665 1262
3394 6707 3417
4099 8260 6255
8463 650 453
9016 4732 5146
7764 2278 4533
7587 5618 158
7139 8654 8391
8164 2718 4800
7515 6431 3230
7366 7856 6297
4615 4449 4931
2087 5720 1267
9032 4092 1283
828 8520 6136
8541 4155 7193
6345 8580 8581
148 3084 278
7274 6474 4906
827 9136 8261
4653 3131 3291
7621 7504 4232
9222 5061 6152
1010 6961 5022
6692 4069 6690
6289 4083 3766
8957 7951 6476
8774 6557 9687
6890 4035 4519
8572 7118 6753
5984 5911 3210
8392 1674 337
5717 4526 727
5640 1404 1753
9266 7175 140
3852 7310 3275
9734 346 255
9486 6803 6756
3384 5905 4981
5739 6804 6090
214 10 1
8595 5612 56
2940 5758 1401
5384 9650 1954
8128 102 6148
8459 9225 1001
7542 3035 7120
1207 3922 1634
6866 2803 1491
4107 8548 5897
3719 9132 6580
5236 121 3929
6161 3594 2414
3364 765 2470
1672 8637 7875
821 8176 1356
9935 9948 8480
3745 7912 7431
6749 6100 8553
9623 8424 3791
3192 4716 1170
157 6843 5156
5781 3947 3883
5625 7421 7420
5286 5191 5880
6543 8639 8382
7247 5201 5493
4317 3859 3441
7136 6561 54
4417 6902 3424
3351 8630 3162
3023 1969 3334
8785 4972 9611
1893 4846 3503
7898 12 5825
4483 6329 3189
9642 9734 9280
8951 4283 4883
8644 6703 1653
7185 686 3030
6295 9 1541
6808 8598 8562
4893 8825 7932
9801 8886 9038
7541 8409 864
6267 4579 2818
9280 8186 4554
8124 6195 9627
7183 8219 7026
7702 2894 1049
1505 8791 1748
270 6927 6097
7234 9847 8077
9211 4292 3979
5152 9483 2183
2254 3346 1740
6992 8848 374
4051 6443 1501
6239 969 3273
3323 9017 202
9516 4474 2815
4459 8066 7544
2957 874 1945
441 7811 6159
3548 8043 7569
4086 902 345
5640 4951 6982
9602 9430 629
8687 2596 7051
1515 6586 1807
5400 8260 4339
8194 9350 5253
7422 4815 1411
7538 1369 4412
8033 234 4274
6439 1408 3114
9515 9829 2216
4121 8723 9427
9855 7111 9154
4724 5559 6834
1856 6453 1405
9122 7174 9247
8002 9892 2994
8972 593 2595
3781 5502 4221
7614 3532 6328
1014 1277 1558
8591 4407 3534
6575 9039 8982
7292 1048 5967
8311 606 2407
9380 5586 3433
3766 8790 8847
8344 4901 6444
9785 5867 3591
4601 6543 5725
7572 9951 712
9594 5655 4001
940 3847 1760
2727 5240 3222
9681 375 6067
6917 7100 4186
3944 4808 4349
9215 5047 1752
5745 7930 3022
5982 7772 4562
6057 8481 7690
5636 8265 9049
7986 310 4600
6560 6195 4396
3885 4637 4155
5701 903 1384
4415 6970 4332
7486 8159 3959
3503 4602 5054
2093 7205 6106
3856 4768 3764
8676 47 4630
7241 85 862
6603 2539 2879
8820 8847 808
6011 5310 4863
4736 5141 128
448 5518 96
2298 9077 6700
8960 187 8659
5017 9593 9336
2622 4517 730
3733 2398 640
7376 3573 2558
6094 5860 4348
144 9002 7853
1128 1479 128
9753 3148 8767
8814 4006 836
3310 7899 4362
8147 433 6886
7611 5538 7636
5881 8580 3043
4740 1975 3905
912 8776 5316
396 3483 315
1057 4596 1067
8622 5203 2186
2723 7824 334
7904 8707 5914
1889 8817 2740
5761 5244 6425
2866 2753 933
5927 2926 5475
807 4659 3244
8072 5678 3331
6656 8427 2159
5514 8901 8232
3338 6968 2389
3651 9821 3283
5596 5461 7108
9449 9948 6358
4769 9849 7052
4847 8334 3075
6234 7269 3874
5194 8113 3413
8100 2013 7756
3528 9880 5506
4188 8487 1613
6810 5273 1083
5636 7044 7831
2047 6393 5844
5580 8145 1383
8811 8074 3092
3285 3250 112
8857 7379 5817
5757 1819 2237
2286 6929 7207
3822 4549 2268
3514 4665 1262
3394 6707 3417
4099 8260 6255
8463 650 453
9016 4732 5146
7764 2278 4533
7587 5618 158
7139 8654 8391
8164 2718 4800
7515 6431 3230
7366 7856 6297
4615 4449 4931
2087 5720 1267
9032 4092 1283
828 8520 6136
8541 4155 7193
6345 8580 8581
148 3084 278
7274 6474 4906
827 9136 8261
4653 3131 3291
7621 7504 4232
9222 5061 6152
1010 6961 5022
6692 4069 6690
6289 4083 3766
8957 7951 6476
8774 6557 9687
6890 4035 4519
8572 7118 6753
5984 5911 3210
8392 1674 337
5717 4526 727
5640 1404 1753
9266 7175 140
3852 7310 3275
9734 346 255
9486 6803 6756
3384 5905 4981
5739 6804 6090
214 1 0
8595 5612 56
2940 5758 1401
5384 9650 1954
8128 102 6148
8459 9225 1001
7542 3035 7120
1207 3922 1634
6866 2803 1491
4107 8548 5897
3719 9132 6580
5236 121 3929
6161 3594 2414
3364 765 2470
1672 8637 7875
821 8176 1356
9935 9948 8480
3745 7912 7431
6749 6100 8553
9623 8424 3791
3192 4716 1170
157 6843 5156
5781 3947 3883
5625 7421 7420
5286 5191 5880
6543 8639 8382
7247 5201 5493
4317 3859 3441
7136 6561 54
4417 6902 3424
3351 8630 3162
3023 1969 3334
8785 4972 9611
1893 4846 3503
7898 12 5825
4483 6329 3189
9642 9734 9280
8951 4283 4883
8644 6703 1653
7185 686 3030
6295 9 1541
6808 8598 8562
4893 8825 7932
9801 8886 9038
7541 8409 864
6267 4579 2818
9280 8186 4554
8124 6195 9627
7183 8219 7026
7702 2894 1049
1505 8791 1748
270 6927 6097
7234 9847 8077
9211 4292 3979
5152 9483 2183
2254 3346 1740
6992 8848 374
4051 6443 1501
6239 969 3273
3323 9017 202
9516 4474 2815
4459 8066 7544
2957 874 1945
441 7811 6159
3548 8043 7569
4086 902 345
5640 4951 6982
9602 9430 629
8687 2596 7051
1515 6586 1807
5400 8260 4339
8194 9350 5253
7422 4815 1411
7538 1369 4412
8033 234 4274
6439 1408 3114
9515 9829 2216
4121 8723 9427
9855 7111 9154
4724 5559 6834
1856 6453 1405
9122 7174 9247
8002 9892 2994
8972 593 2595
3781 5502 4221
7614 3532 6328
1014 1277 1558
8591 4407 3534
6575 9039 8982
7292 1048 5967
8311 606 2407
9380 5586 3433
3766 8790 8847
8344 4901 6444
9785 5867 3591
4601 6543 5725
7572 9951 712
9594 5655 4001
940 3847 1760
2727 5240 3222
9681 375 6067
6917 7100 4186
3944 4808 4349
9215 5047 1752
5745 7930 3022
5982 7772 4562
6057 8481 7690
5636 8265 9049
7986 310 4600
6560 6195 4396
3885 4637 4155
5701 903 1384
4415 6970 4332
7486 8159 3959
3503 4602 5054
2093 7205 6106
3856 4768 3764
8676 47 4630
7241 85 862
6603 2539 2879
8820 8847 808
6011 5310 4863
4736 5141 128
448 5518 96
2298 9077 6700
8960 187 8659
5017 9593 9336
2622 4517 730
3733 2398 640
7376 3573 2558
6094 5860 4348
144 9002 7853
1128 1479 128
9753 3148 8767
8814 4006 836
3310 7899 4362
8147 433 6886
7611 5538 7636
5881 8580 3043
4740 1975 3905
912 8776 5316
396 3483 315
1057 4596 1067
8622 5203 2186
2723 7824 334
7904 8707 5914
1889 8817 2740
5761 5244 6425
2866 2753 933
5927 2926 5475
807 4659 3244
8072 5678 3331
6656 8427 2159
5514 8901 8232
3338 6968 2389
3651 9821 3283
5596 5461 7108
9449 9948 6358
4769 9849 7052
4847 8334 3075
6234 7269 3874
5194 8113 3413
8100 2013 7756
3528 9880 5506
4188 8487 1613
6810 5273 1083
5636 7044 7831
2047 6393 5844
5580 8145 1383
8811 8074 3092
3285 3250 112
8857 7379 5817
5757 1819 2237
2286 6929 7207
3822 4549 2268
3514 4665 1262
3394 6707 3417
4099 8260 6255
8463 650 453
9016 4732 5146
7764 2278 4533
7587 5618 158
7139 8654 8391
8164 2718 4800
7515 6431 3230
7366 7856 6297
4615 4449 4931
2087 5720 1267
9032 4092 1283
828 8520 6136
8541 4155 7193
6345 8580 8581
148 3084 278
7274 6474 4906
827 9136 8261
4653 3131 3291
7621 7504 4232
9222 5061 6152
1010 6961 5022
6692 4069 6690
6289 4083 3766
8957 7951 6476
8774 6557 9687
6890 4035 4519
8572 7118 6753
5984 5911 3210
8392 1674 337
5717 4526 727
5640 1404 1753
9266 7175 140
3852 7310 3275
9734 346 255
9486 6803 6756
3384 5905 4981
5739 6804 6090
214 0 1
8595 5612 56
2940 5758 1401
5384 9650 1954
8128 102 6148
8459 9225 1001
7542 3035 7120
1207 3922 1634
6866 2803 1491
4107 8548 5897
3719 9132 6580
5236 121 3929
6161 3594 2414
3364 765 2470
1672 8637 7875
821 8176 1356
9935 9948 8480
3745 7912 7431
6749 6100 8553
9623 8424 3791
3192 4716 1170
157 6843 5156
5781 3947 3883
5625 7421 7420
5286 5191 5880
6543 8639 8382
7247 5201 5493
4317 3859 3441
7136 6561 54
4417 6902 3424
3351 8630 3162
3023 1969 3334
8785 4972 9611
1893 4846 3503
7898 12 5825
4483 6329 3189
9642 9734 9280
8951 4283 4883
8644 6703 1653
7185 686 3030
6295 9 1541
6808 8598 8562
4893 8825 7932
9801 8886 9038
7541 8409 864
6267 4579 2818
9280 8186 4554
8124 6195 9627
7183 8219 7026
7702 2894 1049
1505 8791 1748
270 6927 6097
7234 9847 8077
9211 4292 3979
5152 9483 2183
2254 3346 1740
6992 8848 374
4051 6443 1501
6239 969 3273
3323 9017 202
9516 4474 2815
4459 8066 7544
2957 874 1945
441 7811 6159
3548 8043 7569
4086 902 345
5640 4951 6982
9602 9430 629
8687 2596 7051
1515 6586 1807
5400 8260 4339
8194 9350 5253
7422 4815 1411
7538 1369 4412
8033 234 4274
6439 1408 3114
9515 9829 2216
4121 8723 9427
9855 7111 9154
4724 5559 6834
1856 6453 1405
9122 7174 9247
8002 9892 2994
8972 593 2595
3781 5502 4221
7614 3532 6328
1014 1277 1558
8591 4407 3534
6575 9039 8982
7292 1048 5967
8311 606 2407
9380 5586 3433
3766 8790 8847
8344 4901 6444
9785 5867 3591
4601 6543 5725
7572 9951 712
9594 5655 4001
940 3847 1760
2727 5240 3222
9681 375 6067
6917 7100 4186
3944 4808 4349
9215 5047 1752
5745 7930 3022
5982 7772 4562
6057 8481 7690
5636 8265 9049
7986 310 4600
6560 6195 4396
3885 4637 4155
5701 903 1384
4415 6970 4332
7486 8159 3959
3503 4602 5054
2093 7205 6106
3856 4768 3764
8676 47 4630
7241 85 862
6603 2539 2879
8820 8847 808
6011 5310 4863
4736 5141 128
448 5518 96
2298 9077 6700
8960 187 8659
5017 9593 9336
2622 4517 730
3733 2398 640
7376 3573 2558
6094 5860 4348
144 9002 7853
1128 1479 128
9753 3148 8767
8814 4006 836
3310 7899 4362
8147 433 6886
7611 5538 7636
5881 8580 3043
4740 1975 3905
912 8776 5316
396 3483 315
1057 4596 1067
8622 5203 2186
2723 7824 334
7904 8707 5914
1889 8817 2740
5761 5244 6425
2866 2753 933
5927 2926 5475
807 4659 3244
8072 5678 3331
6656 8427 2159
5514 8901 8232
3338 6968 2389
3651 9821 3283
5596 5461 7108
9449 9948 6358
4769 9849 7052
4847 8334 3075
6234 7269 3874
5194 8113 3413
8100 2013 7756
3528 9880 5506
4188 8487 1613
6810 5273 1083
5636 7044 7831
2047 6393 5844
5580 8145 1383
8811 8074 3092
3285 3250 112
8857 7379 5817
5757 1819 2237
2286 6929 7207
3822 4549 2268
3514 4665 1262
3394 6707 3417
4099 8260 6255
8463 650 453
9016 4732 5146
7764 2278 4533
7587 5618 158
7139 8654 8391
8164 2718 4800
7515 6431 3230
7366 7856 6297
4615 4449 4931
2087 5720 1267
9032 4092 1283
828 8520 6136
8541 4155 7193
6345 8580 8581
148 3084 278
7274 6474 4906
827 9136 8261
4653 3131 3291
7621 7504 4232
9222 5061 6152
1010 6961 5022
6692 4069 6690
6289 4083 3766
8957 7951 6476
8774 6557 9687
6890 4035 4519
8572 7118 6753
5984 5911 3210
8392 1674 337
5717 4526 727
5640 1404 1753
9266 7175 140
3852 7310 3275
9734 346 255
9486 6803 6756
3384 5905 4981
5739 6804 6090
